0000000000
0000000000
0000000000
0000000000
0000000000
0000000000
1111111111
0000000000
0000000010
0000000000
1111111100
0000000000
0000000110
0000000000
1111110111
0000000000
0000001101
0000000000
1111101101
0000000000
0000011101
0000000000
1111001100
0000000000
0010100010
0100000000
0010100010
0000000000
1111001100
0000000000
0000011101
0000000000
1111101101
0000000000
0000001101
0000000000
1111110111
0000000000
0000000110
0000000000
1111111100
0000000000
0000000010
0000000000
1111111111
0000000000
0000000000
0000000000
0000000000
0000000000
0000000000
