000000000000
000000000000
000000000000
000000000000
000000000000
000000000000
000000000000
000000000000
000000000000
000000000000
000000000000
000000000000
000000000000
000000000000
000000000000
000000000000
000000000000
000000000000
000000000000
000000000000
000000000000
000000000000
000000000000
111111111111
000000000000
000000000010
000000000101
000000000111
000000000111
000000000101
000000000001
000000000000
000000000001
000000000101
000000001000
000000001001
000000000110
000000000010
111111111101
111111111010
111111111010
111111111101
000000000000
000000000001
111111111111
111111111011
111111110111
111111110110
111111111000
111111111101
000000000010
000000000100
000000000100
000000000010
111111111111
111111111110
000000000001
000000000101
000000001001
000000001011
000000001001
000000000100
000000000000
111111111101
111111111101
000000000000
000000000011
000000000011
000000000000
111111111100
111111110111
111111110101
111111110111
111111111011
111111111111
000000000010
000000000001
111111111110
111111111100
111111111100
111111111110
000000000011
000000001000
000000001010
000000001001
000000000101
000000000001
111111111111
000000000000
000000000011
000000000110
000000000110
000000000011
111111111110
111111111001
111111110111
111111111000
111111111011
111111111110
000000000000
111111111111
111111111100
111111111001
111111111000
111111111011
000000000000
000000000101
000000001000
000000000111
000000000100
000000000001
000000000000
000000000010
000000000101
000000001000
000000001001
000000000111
000000000010
111111111101
111111111010
111111111010
111111111101
000000000000
000000000001
111111111111
111111111011
111111110111
111111110110
111111111000
111111111101
000000000010
000000000100
000000000100
000000000010
111111111111
111111111110
000000000001
000000000101
000000001001
000000001011
000000001001
000000000100
000000000000
111111111101
111111111101
000000000000
000000000011
000000000011
000000000000
111111111100
111111110111
111111110101
111111110111
111111111011
111111111111
000000000010
000000000001
111111111110
111111111100
111111111100
111111111110
000000000011
000000001000
000000001010
000000001001
000000000101
000000000001
111111111111
000000000000
000000000011
000000000110
000000000110
000000000011
111111111110
111111111001
111111110111
111111111000
111111111011
111111111110
000000000000
111111111111
111111111100
111111111001
111111111000
111111111011
000000000000
000000000101
000000001000
000000000111
000000000100
000000000001
000000000000
000000000010
000000000101
000000001000
000000001001
000000000111
000000000010
111111111101
111111111010
111111111010
111111111101
000000000000
000000000001
111111111111
111111111011
111111110111
111111110110
111111111000
111111111101
000000000010
000000000100
000000000100
000000000010
111111111111
111111111110
000000000001
000000000101
000000001001
000000001011
000000001001
000000000100
000000000000
111111111101
111111111101
000000000000
000000000011
000000000011
000000000000
111111111100
111111110111
111111110101
111111110111
111111111011
111111111111
000000000010
000000000001
111111111110
111111111100
111111111100
111111111110
000000000011
000000001000
000000001010
000000001001
000000000101
000000000001
111111111111
000000000000
000000000011
000000000110
000000000110
000000000011
111111111110
111111111001
111111110111
111111111000
111111111011
111111111110
000000000000
111111111111
111111111100
111111111001
111111111000
111111111011
000000000000
000000000101
000000001000
000000000111
000000000100
000000000001
000000000000
000000000010
000000000101
000000001000
000000001001
000000000111
000000000010
111111111101
111111111010
111111111010
111111111101
000000000000
000000000001
111111111111
111111111011
111111110111
111111110110
111111111000
111111111101
000000000010
000000000100
000000000100
000000000010
111111111111
111111111110
000000000001
000000000101
000000001001
000000001011
000000001001
000000000100
000000000000
111111111101
111111111101
000000000000
000000000011
000000000011
000000000000
111111111100
111111110111
111111110101
111111110111
111111111011
111111111111
000000000010
000000000001
111111111110
111111111100
111111111100
111111111110
000000000011
000000001000
000000001010
000000001001
000000000101
000000000001
111111111111
000000000000
000000000011
000000000110
000000000110
000000000011
111111111110
111111111001
111111110111
111111111000
111111111011
111111111110
000000000000
111111111111
111111111100
111111111001
111111111000
111111111011
000000000000
000000000101
000000001000
000000000111
000000000100
000000000001
000000000000
000000000010
000000000101
000000001000
000000001001
000000000111
000000000010
111111111101
111111111010
111111111010
111111111101
000000000000
000000000001
111111111111
111111111011
111111110111
111111110110
111111111000
111111111101
000000000010
000000000100
000000000100
000000000010
111111111111
111111111110
000000000001
000000000101
000000001001
000000001011
000000001001
000000000100
000000000000
111111111101
111111111101
000000000000
000000000011
000000000011
000000000000
111111111100
111111110111
111111110101
111111110111
111111111011
111111111111
000000000010
000000000001
111111111110
111111111100
111111111100
111111111110
000000000011
000000001000
000000001010
000000001001
000000000101
000000000001
111111111111
000000000000
000000000011
000000000110
000000000110
000000000011
111111111110
111111111001
111111110111
111111111000
111111111011
111111111110
000000000000
111111111111
111111111100
111111111001
111111111000
111111111011
000000000000
000000000101
000000001000
000000000111
000000000100
000000000001
000000000000
000000000010
000000000101
000000001000
000000001001
000000000111
000000000010
111111111101
111111111010
111111111010
111111111101
000000000000
000000000001
111111111111
111111111011
111111110111
111111110110
111111111000
111111111101
000000000010
000000000100
000000000100
000000000010
111111111111
111111111110
000000000001
000000000101
000000001001
000000001011
000000001001
000000000100
000000000000
111111111101
111111111101
000000000000
000000000011
000000000011
000000000000
111111111100
111111110111
111111110101
111111110111
111111111011
111111111111
000000000010
000000000001
111111111110
111111111100
111111111100
111111111110
000000000011
000000001000
000000001010
000000001001
000000000101
000000000001
111111111111
000000000000
000000000011
000000000110
000000000110
000000000011
111111111110
111111111001
111111110111
111111111000
111111111011
111111111110
000000000000
111111111111
111111111100
111111111001
111111111000
111111111011
000000000000
000000000101
000000001000
000000000111
000000000100
000000000001
000000000000
000000000010
000000000101
000000001000
000000001001
000000000111
000000000010
111111111101
111111111010
111111111010
111111111101
000000000000
000000000001
111111111111
111111111011
111111110111
111111110110
111111111000
111111111101
000000000010
000000000100
000000000100
000000000010
111111111111
111111111110
000000000001
000000000101
000000001001
000000001011
000000001001
000000000100
000000000000
111111111101
111111111101
000000000000
000000000011
000000000011
000000000000
111111111100
111111110111
111111110101
111111110111
111111111011
111111111111
000000000010
000000000001
111111111110
111111111100
111111111100
111111111110
000000000011
000000001000
000000001010
000000001001
000000000101
000000000001
111111111111
000000000000
000000000011
000000000110
000000000110
000000000011
111111111110
111111111001
111111110111
111111111000
111111111011
111111111110
000000000000
111111111111
111111111100
111111111001
111111111000
111111111011
000000000000
000000000101
000000001000
000000000111
000000000100
000000000001
000000000000
000000000010
000000000101
000000001000
000000001001
000000000111
000000000010
111111111101
111111111010
111111111010
111111111101
000000000000
000000000001
111111111111
111111111011
111111110111
111111110110
111111111000
111111111101
000000000010
000000000100
000000000100
000000000010
111111111111
111111111110
000000000001
000000000101
000000001001
000000001011
000000001001
000000000100
000000000000
111111111101
111111111101
000000000000
000000000011
000000000011
000000000000
111111111100
111111110111
111111110101
111111110111
111111111011
111111111111
000000000010
000000000001
111111111110
111111111100
111111111100
111111111110
000000000011
000000001000
000000001010
000000001001
000000000101
000000000001
111111111111
000000000000
000000000011
000000000110
000000000110
000000000011
111111111110
111111111001
111111110111
111111111000
111111111011
111111111110
000000000000
111111111111
111111111100
111111111001
111111111000
111111111011
000000000000
000000000101
000000001000
000000000111
000000000100
000000000001
000000000000
000000000010
000000000101
000000001000
000000001001
000000000111
000000000010
111111111101
111111111010
111111111010
111111111101
000000000000
000000000001
111111111111
111111111011
111111110111
111111110110
111111111000
111111111101
000000000010
000000000100
000000000100
000000000010
111111111111
111111111110
000000000001
000000000101
000000001001
000000001011
000000001001
000000000100
000000000000
111111111101
111111111101
000000000000
000000000011
000000000011
000000000000
111111111100
111111110111
111111110101
111111110111
111111111011
111111111111
000000000010
000000000001
111111111110
111111111100
111111111100
111111111110
000000000011
000000001000
000000001010
000000001001
000000000101
000000000001
111111111111
000000000000
000000000011
000000000110
000000000110
000000000011
111111111110
111111111001
111111110111
111111111000
111111111011
111111111110
000000000000
111111111111
111111111100
111111111001
111111111000
111111111011
000000000000
000000000101
000000001000
000000000111
000000000100
000000000001
000000000000
000000000010
000000000101
000000001000
000000001001
000000000111
000000000010
111111111101
111111111010
111111111010
111111111101
000000000000
000000000001
111111111111
111111111011
111111110111
111111110110
111111111000
111111111101
000000000010
000000000100
000000000100
000000000010
111111111111
111111111110
000000000001
000000000101
000000001001
000000001011
000000001001
000000000100
000000000000
111111111101
111111111101
000000000000
000000000011
000000000011
000000000000
111111111100
111111110111
111111110101
111111110111
111111111011
111111111111
000000000010
000000000001
111111111110
111111111100
111111111100
