0
-7.6845e-20
-0.0002174
2.4892e-18
0.00093744
-1.8612e-18
-0.0022703
3.5334e-18
0.0043456
-5.596e-18
-0.0073315
7.9193e-18
0.011474
-1.0357e-17
-0.01718
1.2757e-17
0.025213
-1.4967e-17
-0.037229
1.6849e-17
0.057583
-1.8285e-17
-0.10238
1.9185e-17
0.31705
0.5
0.31705
1.9185e-17
-0.10238
-1.8285e-17
0.057583
1.6849e-17
-0.037229
-1.4967e-17
0.025213
1.2757e-17
-0.01718
-1.0357e-17
0.011474
7.9193e-18
-0.0073315
-5.596e-18
0.0043456
3.5334e-18
-0.0022703
-1.8612e-18
0.00093744
2.4892e-18
-0.0002174
-7.6845e-20
0
