0
1.2611
0.57747
0.51251
1.1734
0.14452
-0.64225
0.58506
1.0259
0.40579
1.1381
1.4538
-0.18585
-0.81096
-0.13692
-0.72653
-1.0259
0.35632
0.46452
-0.81088
-0.66667
-0.48561
-1.6525
-1.3702
0.24218
0.21628
-0.071661
0.91557
0.59787
-0.75711
-0.19526
0.73106
0.24218
0.74416
1.9592
1.0873
-0.094693
0.35342
0.027851
-0.94981
-2.5309e-15
0.94981
-0.027851
-0.35342
0.094693
-1.0873
-1.9592
-0.74416
-0.24218
-0.73106
0.19526
0.75711
-0.59787
-0.91557
0.071661
-0.21628
-0.24218
1.3702
1.6525
0.48561
0.66667
0.81088
-0.46452
-0.35632
1.0259
0.72653
0.13692
0.81096
0.18585
-1.4538
-1.1381
-0.40579
-1.0259
-0.58506
0.64225
-0.14452
-1.1734
-0.51251
-0.57747
-1.2611
-6.0416e-15
1.2611
0.57747
0.51251
1.1734
0.14452
-0.64225
0.58506
1.0259
0.40579
1.1381
1.4538
-0.18585
-0.81096
-0.13692
-0.72653
-1.0259
0.35632
0.46452
-0.81088
-0.66667
-0.48561
-1.6525
-1.3702
0.24218
0.21628
-0.071661
0.91557
0.59787
-0.75711
-0.19526
0.73106
0.24218
0.74416
1.9592
1.0873
-0.094693
0.35342
0.027851
-0.94981
-1.233e-14
0.94981
-0.027851
-0.35342
0.094693
-1.0873
-1.9592
-0.74416
-0.24218
-0.73106
0.19526
0.75711
-0.59787
-0.91557
0.071661
-0.21628
-0.24218
1.3702
1.6525
0.48561
0.66667
0.81088
-0.46452
-0.35632
1.0259
0.72653
0.13692
0.81096
0.18585
-1.4538
-1.1381
-0.40579
-1.0259
-0.58506
0.64225
-0.14452
-1.1734
-0.51251
-0.57747
-1.2611
-1.2083e-14
1.2611
0.57747
0.51251
1.1734
0.14452
-0.64225
0.58506
1.0259
0.40579
1.1381
1.4538
-0.18585
-0.81096
-0.13692
-0.72653
-1.0259
0.35632
0.46452
-0.81088
-0.66667
-0.48561
-1.6525
-1.3702
0.24218
0.21628
-0.071661
0.91557
0.59787
-0.75711
-0.19526
0.73106
0.24218
0.74416
1.9592
1.0873
-0.094693
0.35342
0.027851
-0.94981
8.6616e-15
0.94981
-0.027851
-0.35342
0.094693
-1.0873
-1.9592
-0.74416
-0.24218
-0.73106
0.19526
0.75711
-0.59787
-0.91557
0.071661
-0.21628
-0.24218
1.3702
1.6525
0.48561
0.66667
0.81088
-0.46452
-0.35632
1.0259
0.72653
0.13692
0.81096
0.18585
-1.4538
-1.1381
-0.40579
-1.0259
-0.58506
0.64225
-0.14452
-1.1734
-0.51251
-0.57747
-1.2611
-2.7599e-14
1.2611
0.57747
0.51251
1.1734
0.14452
-0.64225
0.58506
1.0259
0.40579
1.1381
1.4538
-0.18585
-0.81096
-0.13692
-0.72653
-1.0259
0.35632
0.46452
-0.81088
-0.66667
-0.48561
-1.6525
-1.3702
0.24218
0.21628
-0.071661
0.91557
0.59787
-0.75711
-0.19526
0.73106
0.24218
0.74416
1.9592
1.0873
-0.094693
0.35342
0.027851
-0.94981
-5.8742e-15
0.94981
-0.027851
-0.35342
0.094693
-1.0873
-1.9592
-0.74416
-0.24218
-0.73106
0.19526
0.75711
-0.59787
-0.91557
0.071661
-0.21628
-0.24218
1.3702
1.6525
0.48561
0.66667
0.81088
-0.46452
-0.35632
1.0259
0.72653
0.13692
0.81096
0.18585
-1.4538
-1.1381
-0.40579
-1.0259
-0.58506
0.64225
-0.14452
-1.1734
-0.51251
-0.57747
-1.2611
-2.4166e-14
1.2611
0.57747
0.51251
1.1734
0.14452
-0.64225
0.58506
1.0259
0.40579
1.1381
1.4538
-0.18585
-0.81096
-0.13692
-0.72653
-1.0259
0.35632
0.46452
-0.81088
-0.66667
-0.48561
-1.6525
-1.3702
0.24218
0.21628
-0.071661
0.91557
0.59787
-0.75711
-0.19526
0.73106
0.24218
0.74416
1.9592
1.0873
-0.094693
0.35342
0.027851
-0.94981
-7.2516e-14
0.94981
-0.027851
-0.35342
0.094693
-1.0873
-1.9592
-0.74416
-0.24218
-0.73106
0.19526
0.75711
-0.59787
-0.91557
0.071661
-0.21628
-0.24218
1.3702
1.6525
0.48561
0.66667
0.81088
-0.46452
-0.35632
1.0259
0.72653
0.13692
0.81096
0.18585
-1.4538
-1.1381
-0.40579
-1.0259
-0.58506
0.64225
-0.14452
-1.1734
-0.51251
-0.57747
-1.2611
2.1899e-14
1.2611
0.57747
0.51251
1.1734
0.14452
-0.64225
0.58506
1.0259
0.40579
1.1381
1.4538
-0.18585
-0.81096
-0.13692
-0.72653
-1.0259
0.35632
0.46452
-0.81088
-0.66667
-0.48561
-1.6525
-1.3702
0.24218
0.21628
-0.071661
0.91557
0.59787
-0.75711
-0.19526
0.73106
0.24218
0.74416
1.9592
1.0873
-0.094693
0.35342
0.027851
-0.94981
6.9267e-14
0.94981
-0.027851
-0.35342
0.094693
-1.0873
-1.9592
-0.74416
-0.24218
-0.73106
0.19526
0.75711
-0.59787
-0.91557
0.071661
-0.21628
-0.24218
1.3702
1.6525
0.48561
0.66667
0.81088
-0.46452
-0.35632
1.0259
0.72653
0.13692
0.81096
0.18585
-1.4538
-1.1381
-0.40579
-1.0259
-0.58506
0.64225
-0.14452
-1.1734
-0.51251
-0.57747
-1.2611
6.7963e-14
1.2611
0.57747
0.51251
1.1734
0.14452
-0.64225
0.58506
1.0259
0.40579
1.1381
1.4538
-0.18585
-0.81096
-0.13692
-0.72653
-1.0259
0.35632
0.46452
-0.81088
-0.66667
-0.48561
-1.6525
-1.3702
0.24218
0.21628
-0.071661
0.91557
0.59787
-0.75711
-0.19526
0.73106
0.24218
0.74416
1.9592
1.0873
-0.094693
0.35342
0.027851
-0.94981
-6.3692e-14
0.94981
-0.027851
-0.35342
0.094693
-1.0873
-1.9592
-0.74416
-0.24218
-0.73106
0.19526
0.75711
-0.59787
-0.91557
0.071661
-0.21628
-0.24218
1.3702
1.6525
0.48561
0.66667
0.81088
-0.46452
-0.35632
1.0259
0.72653
0.13692
0.81096
0.18585
-1.4538
-1.1381
-0.40579
-1.0259
-0.58506
0.64225
-0.14452
-1.1734
-0.51251
-0.57747
-1.2611
-9.1325e-15
1.2611
0.57747
0.51251
1.1734
0.14452
-0.64225
0.58506
1.0259
0.40579
1.1381
1.4538
-0.18585
-0.81096
-0.13692
-0.72653
-1.0259
0.35632
0.46452
-0.81088
-0.66667
-0.48561
-1.6525
-1.3702
0.24218
0.21628
-0.071661
0.91557
0.59787
-0.75711
-0.19526
0.73106
0.24218
0.74416
1.9592
1.0873
-0.094693
0.35342
0.027851
-0.94981
1.4441e-13
0.94981
-0.027851
-0.35342
0.094693
-1.0873
-1.9592
-0.74416
-0.24218
-0.73106
0.19526
0.75711
-0.59787
-0.91557
0.071661
-0.21628
-0.24218
1.3702
1.6525
0.48561
0.66667
0.81088
-0.46452
-0.35632
1.0259
0.72653
0.13692
0.81096
0.18585
-1.4538
-1.1381
-0.40579
-1.0259
-0.58506
0.64225
-0.14452
-1.1734
-0.51251
-0.57747
-1.2611
-4.8333e-14
1.2611
0.57747
0.51251
1.1734
0.14452
-0.64225
0.58506
1.0259
0.40579
1.1381
1.4538
-0.18585
-0.81096
-0.13692
-0.72653
-1.0259
0.35632
0.46452
-0.81088
-0.66667
-0.48561
-1.6525
-1.3702
0.24218
0.21628
-0.071661
0.91557
0.59787
-0.75711
-0.19526
0.73106
0.24218
0.74416
1.9592
1.0873
-0.094693
0.35342
0.027851
-0.94981
-5.4868e-14
0.94981
-0.027851
-0.35342
0.094693
-1.0873
-1.9592
-0.74416
-0.24218
-0.73106
0.19526
0.75711
-0.59787
-0.91557
0.071661
-0.21628
-0.24218
1.3702
1.6525
0.48561
0.66667
0.81088
-0.46452
-0.35632
1.0259
0.72653
0.13692
0.81096
0.18585
-1.4538
-1.1381
-0.40579
-1.0259
-0.58506
0.64225
-0.14452
-1.1734
-0.51251
-0.57747
-1.2611
8.2997e-14
1.2611
0.57747
0.51251
1.1734
0.14452
-0.64225
0.58506
1.0259
0.40579
1.1381
1.4538
-0.18585
-0.81096
-0.13692
-0.72653
-1.0259
0.35632
0.46452
-0.81088
-0.66667
-0.48561
-1.6525
-1.3702
0.24218
0.21628
-0.071661
0.91557
0.59787
-0.75711
-0.19526
0.73106
0.24218
0.74416
1.9592
1.0873
-0.094693
0.35342
0.027851
-0.94981
-8.3615e-14
0.94981
-0.027851
-0.35342
0.094693
-1.0873
-1.9592
-0.74416
-0.24218
-0.73106
0.19526
0.75711
-0.59787
-0.91557
0.071661
-0.21628
-0.24218
1.3702
1.6525
0.48561
0.66667
0.81088
-0.46452
-0.35632
1.0259
0.72653
0.13692
0.81096
0.18585
-1.4538
-1.1381
-0.40579
-1.0259
-0.58506
0.64225
-0.14452
-1.1734
-0.51251
-0.57747
-1.2611
