000000000000
010100001011
001001001111
001000001101
010010110010
000010010100
110101101110
001001010111
010000011011
000110100000
010010001101
010111010001
111101000010
110011000010
111101110100
110100011000
101111100101
000101101101
000111011100
110011000010
110101010101
111000001111
100101100100
101010000101
000011111000
000011011101
111110110111
001110101010
001001100100
110011111001
111100111000
001011101101
000011111000
001011111010
011111010110
010001011001
111110011111
000101101010
000000011101
110000110011
000000000000
001111001101
111111100011
111010010110
000001100001
101110100111
100000101010
110100000110
111100001000
110100010011
000011001000
001100000111
110110011100
110001010110
000001001001
111100100011
111100001000
010101111011
011010011100
000111110001
001010101011
001100111110
111000100100
111010010011
010000011011
001011101000
000010001100
001100111110
000010111110
101000101111
101101110011
111001100000
101111100101
110110101001
001010010010
111101101100
101101001110
110111110011
110110110001
101011110101
000000000000
010100001011
001001001111
001000001101
010010110010
000010010100
110101101110
001001010111
010000011011
000110100000
010010001101
010111010001
111101000010
110011000010
111101110100
110100011000
101111100101
000101101101
000111011100
110011000010
110101010101
111000001111
100101100100
101010000101
000011111000
000011011101
111110110111
001110101010
001001100100
110011111001
111100111000
001011101101
000011111000
001011111010
011111010110
010001011001
111110011111
000101101010
000000011101
110000110011
000000000000
001111001101
111111100011
111010010110
000001100001
101110100111
100000101010
110100000110
111100001000
110100010011
000011001000
001100000111
110110011100
110001010110
000001001001
111100100011
111100001000
010101111011
011010011100
000111110001
001010101011
001100111110
111000100100
111010010011
010000011011
001011101000
000010001100
001100111110
000010111110
101000101111
101101110011
111001100000
101111100101
110110101001
001010010010
111101101100
101101001110
110111110011
110110110001
101011110101
000000000000
010100001011
001001001111
001000001101
010010110010
000010010100
110101101110
001001010111
010000011011
000110100000
010010001101
010111010001
111101000010
110011000010
111101110100
110100011000
101111100101
000101101101
000111011100
110011000010
110101010101
111000001111
100101100100
101010000101
000011111000
000011011101
111110110111
001110101010
001001100100
110011111001
111100111000
001011101101
000011111000
001011111010
011111010110
010001011001
111110011111
000101101010
000000011101
110000110011
000000000000
001111001101
111111100011
111010010110
000001100001
101110100111
100000101010
110100000110
111100001000
110100010011
000011001000
001100000111
110110011100
110001010110
000001001001
111100100011
111100001000
010101111011
011010011100
000111110001
001010101011
001100111110
111000100100
111010010011
010000011011
001011101000
000010001100
001100111110
000010111110
101000101111
101101110011
111001100000
101111100101
110110101001
001010010010
111101101100
101101001110
110111110011
110110110001
101011110101
000000000000
010100001011
001001001111
001000001101
010010110010
000010010100
110101101110
001001010111
010000011011
000110100000
010010001101
010111010001
111101000010
110011000010
111101110100
110100011000
101111100101
000101101101
000111011100
110011000010
110101010101
111000001111
100101100100
101010000101
000011111000
000011011101
111110110111
001110101010
001001100100
110011111001
111100111000
001011101101
000011111000
001011111010
011111010110
010001011001
111110011111
000101101010
000000011101
110000110011
000000000000
001111001101
111111100011
111010010110
000001100001
101110100111
100000101010
110100000110
111100001000
110100010011
000011001000
001100000111
110110011100
110001010110
000001001001
111100100011
111100001000
010101111011
011010011100
000111110001
001010101011
001100111110
111000100100
111010010011
010000011011
001011101000
000010001100
001100111110
000010111110
101000101111
101101110011
111001100000
101111100101
110110101001
001010010010
111101101100
101101001110
110111110011
110110110001
101011110101
000000000000
010100001011
001001001111
001000001101
010010110010
000010010100
110101101110
001001010111
010000011011
000110100000
010010001101
010111010001
111101000010
110011000010
111101110100
110100011000
101111100101
000101101101
000111011100
110011000010
110101010101
111000001111
100101100100
101010000101
000011111000
000011011101
111110110111
001110101010
001001100100
110011111001
111100111000
001011101101
000011111000
001011111010
011111010110
010001011001
111110011111
000101101010
000000011101
110000110011
000000000000
001111001101
111111100011
111010010110
000001100001
101110100111
100000101010
110100000110
111100001000
110100010011
000011001000
001100000111
110110011100
110001010110
000001001001
111100100011
111100001000
010101111011
011010011100
000111110001
001010101011
001100111110
111000100100
111010010011
010000011011
001011101000
000010001100
001100111110
000010111110
101000101111
101101110011
111001100000
101111100101
110110101001
001010010010
111101101100
101101001110
110111110011
110110110001
101011110101
000000000000
010100001011
001001001111
001000001101
010010110010
000010010100
110101101110
001001010111
010000011011
000110100000
010010001101
010111010001
111101000010
110011000010
111101110100
110100011000
101111100101
000101101101
000111011100
110011000010
110101010101
111000001111
100101100100
101010000101
000011111000
000011011101
111110110111
001110101010
001001100100
110011111001
111100111000
001011101101
000011111000
001011111010
011111010110
010001011001
111110011111
000101101010
000000011101
110000110011
000000000000
001111001101
111111100011
111010010110
000001100001
101110100111
100000101010
110100000110
111100001000
110100010011
000011001000
001100000111
110110011100
110001010110
000001001001
111100100011
111100001000
010101111011
011010011100
000111110001
001010101011
001100111110
111000100100
111010010011
010000011011
001011101000
000010001100
001100111110
000010111110
101000101111
101101110011
111001100000
101111100101
110110101001
001010010010
111101101100
101101001110
110111110011
110110110001
101011110101
000000000000
010100001011
001001001111
001000001101
010010110010
000010010100
110101101110
001001010111
010000011011
000110100000
010010001101
010111010001
111101000010
110011000010
111101110100
110100011000
101111100101
000101101101
000111011100
110011000010
110101010101
111000001111
100101100100
101010000101
000011111000
000011011101
111110110111
001110101010
001001100100
110011111001
111100111000
001011101101
000011111000
001011111010
011111010110
010001011001
111110011111
000101101010
000000011101
110000110011
000000000000
001111001101
111111100011
111010010110
000001100001
101110100111
100000101010
110100000110
111100001000
110100010011
000011001000
001100000111
110110011100
110001010110
000001001001
111100100011
111100001000
010101111011
011010011100
000111110001
001010101011
001100111110
111000100100
111010010011
010000011011
001011101000
000010001100
001100111110
000010111110
101000101111
101101110011
111001100000
101111100101
110110101001
001010010010
111101101100
101101001110
110111110011
110110110001
101011110101
000000000000
010100001011
001001001111
001000001101
010010110010
000010010100
110101101110
001001010111
010000011011
000110100000
010010001101
010111010001
111101000010
110011000010
111101110100
110100011000
101111100101
000101101101
000111011100
110011000010
110101010101
111000001111
100101100100
101010000101
000011111000
000011011101
111110110111
001110101010
001001100100
110011111001
111100111000
001011101101
000011111000
001011111010
011111010110
010001011001
111110011111
000101101010
000000011101
110000110011
000000000000
001111001101
111111100011
111010010110
000001100001
101110100111
100000101010
110100000110
111100001000
110100010011
000011001000
001100000111
110110011100
110001010110
000001001001
111100100011
111100001000
010101111011
011010011100
000111110001
001010101011
001100111110
111000100100
111010010011
010000011011
001011101000
000010001100
001100111110
000010111110
101000101111
101101110011
111001100000
101111100101
110110101001
001010010010
111101101100
101101001110
110111110011
110110110001
101011110101
000000000000
010100001011
001001001111
001000001101
010010110010
000010010100
110101101110
001001010111
010000011011
000110100000
010010001101
010111010001
111101000010
110011000010
111101110100
110100011000
101111100101
000101101101
000111011100
110011000010
110101010101
111000001111
100101100100
101010000101
000011111000
000011011101
111110110111
001110101010
001001100100
110011111001
111100111000
001011101101
000011111000
001011111010
011111010110
010001011001
111110011111
000101101010
000000011101
110000110011
000000000000
001111001101
111111100011
111010010110
000001100001
101110100111
100000101010
110100000110
111100001000
110100010011
000011001000
001100000111
110110011100
110001010110
000001001001
111100100011
111100001000
010101111011
011010011100
000111110001
001010101011
001100111110
111000100100
111010010011
010000011011
001011101000
000010001100
001100111110
000010111110
101000101111
101101110011
111001100000
101111100101
110110101001
001010010010
111101101100
101101001110
110111110011
110110110001
101011110101
000000000000
010100001011
001001001111
001000001101
010010110010
000010010100
110101101110
001001010111
010000011011
000110100000
010010001101
010111010001
111101000010
110011000010
111101110100
110100011000
101111100101
000101101101
000111011100
110011000010
110101010101
111000001111
100101100100
101010000101
000011111000
000011011101
111110110111
001110101010
001001100100
110011111001
111100111000
001011101101
000011111000
001011111010
011111010110
010001011001
111110011111
000101101010
000000011101
110000110011
000000000000
001111001101
111111100011
111010010110
000001100001
101110100111
100000101010
110100000110
111100001000
110100010011
000011001000
001100000111
110110011100
110001010110
000001001001
111100100011
111100001000
010101111011
011010011100
000111110001
001010101011
001100111110
111000100100
111010010011
010000011011
001011101000
000010001100
001100111110
000010111110
101000101111
101101110011
111001100000
101111100101
110110101001
001010010010
111101101100
101101001110
110111110011
110110110001
101011110101
