0.0
1.2607421875
0.5771484375
0.5126953125
1.173828125
0.14453125
-0.642578125
0.5849609375
1.0263671875
0.40625
1.1376953125
1.4541015625
-0.185546875
-0.810546875
-0.13671875
-0.7265625
-1.0263671875
0.3564453125
0.46484375
-0.810546875
-0.6669921875
-0.4853515625
-1.65234375
-1.3701171875
0.2421875
0.2158203125
-0.0712890625
0.916015625
0.59765625
-0.7568359375
-0.1953125
0.7314453125
0.2421875
0.744140625
1.958984375
1.0869140625
-0.0947265625
0.353515625
0.0283203125
-0.9501953125
0.0
0.9501953125
-0.0283203125
-0.353515625
0.0947265625
-1.0869140625
-1.958984375
-0.744140625
-0.2421875
-0.7314453125
0.1953125
0.7568359375
-0.59765625
-0.916015625
0.0712890625
-0.2158203125
-0.2421875
1.3701171875
1.65234375
0.4853515625
0.6669921875
0.810546875
-0.46484375
-0.3564453125
1.0263671875
0.7265625
0.13671875
0.810546875
0.185546875
-1.4541015625
-1.1376953125
-0.40625
-1.0263671875
-0.5849609375
0.642578125
-0.14453125
-1.173828125
-0.5126953125
-0.5771484375
-1.2607421875
0.0
1.2607421875
0.5771484375
0.5126953125
1.173828125
0.14453125
-0.642578125
0.5849609375
1.0263671875
0.40625
1.1376953125
1.4541015625
-0.185546875
-0.810546875
-0.13671875
-0.7265625
-1.0263671875
0.3564453125
0.46484375
-0.810546875
-0.6669921875
-0.4853515625
-1.65234375
-1.3701171875
0.2421875
0.2158203125
-0.0712890625
0.916015625
0.59765625
-0.7568359375
-0.1953125
0.7314453125
0.2421875
0.744140625
1.958984375
1.0869140625
-0.0947265625
0.353515625
0.0283203125
-0.9501953125
0.0
0.9501953125
-0.0283203125
-0.353515625
0.0947265625
-1.0869140625
-1.958984375
-0.744140625
-0.2421875
-0.7314453125
0.1953125
0.7568359375
-0.59765625
-0.916015625
0.0712890625
-0.2158203125
-0.2421875
1.3701171875
1.65234375
0.4853515625
0.6669921875
0.810546875
-0.46484375
-0.3564453125
1.0263671875
0.7265625
0.13671875
0.810546875
0.185546875
-1.4541015625
-1.1376953125
-0.40625
-1.0263671875
-0.5849609375
0.642578125
-0.14453125
-1.173828125
-0.5126953125
-0.5771484375
-1.2607421875
0.0
1.2607421875
0.5771484375
0.5126953125
1.173828125
0.14453125
-0.642578125
0.5849609375
1.0263671875
0.40625
1.1376953125
1.4541015625
-0.185546875
-0.810546875
-0.13671875
-0.7265625
-1.0263671875
0.3564453125
0.46484375
-0.810546875
-0.6669921875
-0.4853515625
-1.65234375
-1.3701171875
0.2421875
0.2158203125
-0.0712890625
0.916015625
0.59765625
-0.7568359375
-0.1953125
0.7314453125
0.2421875
0.744140625
1.958984375
1.0869140625
-0.0947265625
0.353515625
0.0283203125
-0.9501953125
0.0
0.9501953125
-0.0283203125
-0.353515625
0.0947265625
-1.0869140625
-1.958984375
-0.744140625
-0.2421875
-0.7314453125
0.1953125
0.7568359375
-0.59765625
-0.916015625
0.0712890625
-0.2158203125
-0.2421875
1.3701171875
1.65234375
0.4853515625
0.6669921875
0.810546875
-0.46484375
-0.3564453125
1.0263671875
0.7265625
0.13671875
0.810546875
0.185546875
-1.4541015625
-1.1376953125
-0.40625
-1.0263671875
-0.5849609375
0.642578125
-0.14453125
-1.173828125
-0.5126953125
-0.5771484375
-1.2607421875
0.0
1.2607421875
0.5771484375
0.5126953125
1.173828125
0.14453125
-0.642578125
0.5849609375
1.0263671875
0.40625
1.1376953125
1.4541015625
-0.185546875
-0.810546875
-0.13671875
-0.7265625
-1.0263671875
0.3564453125
0.46484375
-0.810546875
-0.6669921875
-0.4853515625
-1.65234375
-1.3701171875
0.2421875
0.2158203125
-0.0712890625
0.916015625
0.59765625
-0.7568359375
-0.1953125
0.7314453125
0.2421875
0.744140625
1.958984375
1.0869140625
-0.0947265625
0.353515625
0.0283203125
-0.9501953125
0.0
0.9501953125
-0.0283203125
-0.353515625
0.0947265625
-1.0869140625
-1.958984375
-0.744140625
-0.2421875
-0.7314453125
0.1953125
0.7568359375
-0.59765625
-0.916015625
0.0712890625
-0.2158203125
-0.2421875
1.3701171875
1.65234375
0.4853515625
0.6669921875
0.810546875
-0.46484375
-0.3564453125
1.0263671875
0.7265625
0.13671875
0.810546875
0.185546875
-1.4541015625
-1.1376953125
-0.40625
-1.0263671875
-0.5849609375
0.642578125
-0.14453125
-1.173828125
-0.5126953125
-0.5771484375
-1.2607421875
0.0
1.2607421875
0.5771484375
0.5126953125
1.173828125
0.14453125
-0.642578125
0.5849609375
1.0263671875
0.40625
1.1376953125
1.4541015625
-0.185546875
-0.810546875
-0.13671875
-0.7265625
-1.0263671875
0.3564453125
0.46484375
-0.810546875
-0.6669921875
-0.4853515625
-1.65234375
-1.3701171875
0.2421875
0.2158203125
-0.0712890625
0.916015625
0.59765625
-0.7568359375
-0.1953125
0.7314453125
0.2421875
0.744140625
1.958984375
1.0869140625
-0.0947265625
0.353515625
0.0283203125
-0.9501953125
0.0
0.9501953125
-0.0283203125
-0.353515625
0.0947265625
-1.0869140625
-1.958984375
-0.744140625
-0.2421875
-0.7314453125
0.1953125
0.7568359375
-0.59765625
-0.916015625
0.0712890625
-0.2158203125
-0.2421875
1.3701171875
1.65234375
0.4853515625
0.6669921875
0.810546875
-0.46484375
-0.3564453125
1.0263671875
0.7265625
0.13671875
0.810546875
0.185546875
-1.4541015625
-1.1376953125
-0.40625
-1.0263671875
-0.5849609375
0.642578125
-0.14453125
-1.173828125
-0.5126953125
-0.5771484375
-1.2607421875
0.0
1.2607421875
0.5771484375
0.5126953125
1.173828125
0.14453125
-0.642578125
0.5849609375
1.0263671875
0.40625
1.1376953125
1.4541015625
-0.185546875
-0.810546875
-0.13671875
-0.7265625
-1.0263671875
0.3564453125
0.46484375
-0.810546875
-0.6669921875
-0.4853515625
-1.65234375
-1.3701171875
0.2421875
0.2158203125
-0.0712890625
0.916015625
0.59765625
-0.7568359375
-0.1953125
0.7314453125
0.2421875
0.744140625
1.958984375
1.0869140625
-0.0947265625
0.353515625
0.0283203125
-0.9501953125
0.0
0.9501953125
-0.0283203125
-0.353515625
0.0947265625
-1.0869140625
-1.958984375
-0.744140625
-0.2421875
-0.7314453125
0.1953125
0.7568359375
-0.59765625
-0.916015625
0.0712890625
-0.2158203125
-0.2421875
1.3701171875
1.65234375
0.4853515625
0.6669921875
0.810546875
-0.46484375
-0.3564453125
1.0263671875
0.7265625
0.13671875
0.810546875
0.185546875
-1.4541015625
-1.1376953125
-0.40625
-1.0263671875
-0.5849609375
0.642578125
-0.14453125
-1.173828125
-0.5126953125
-0.5771484375
-1.2607421875
0.0
1.2607421875
0.5771484375
0.5126953125
1.173828125
0.14453125
-0.642578125
0.5849609375
1.0263671875
0.40625
1.1376953125
1.4541015625
-0.185546875
-0.810546875
-0.13671875
-0.7265625
-1.0263671875
0.3564453125
0.46484375
-0.810546875
-0.6669921875
-0.4853515625
-1.65234375
-1.3701171875
0.2421875
0.2158203125
-0.0712890625
0.916015625
0.59765625
-0.7568359375
-0.1953125
0.7314453125
0.2421875
0.744140625
1.958984375
1.0869140625
-0.0947265625
0.353515625
0.0283203125
-0.9501953125
0.0
0.9501953125
-0.0283203125
-0.353515625
0.0947265625
-1.0869140625
-1.958984375
-0.744140625
-0.2421875
-0.7314453125
0.1953125
0.7568359375
-0.59765625
-0.916015625
0.0712890625
-0.2158203125
-0.2421875
1.3701171875
1.65234375
0.4853515625
0.6669921875
0.810546875
-0.46484375
-0.3564453125
1.0263671875
0.7265625
0.13671875
0.810546875
0.185546875
-1.4541015625
-1.1376953125
-0.40625
-1.0263671875
-0.5849609375
0.642578125
-0.14453125
-1.173828125
-0.5126953125
-0.5771484375
-1.2607421875
0.0
1.2607421875
0.5771484375
0.5126953125
1.173828125
0.14453125
-0.642578125
0.5849609375
1.0263671875
0.40625
1.1376953125
1.4541015625
-0.185546875
-0.810546875
-0.13671875
-0.7265625
-1.0263671875
0.3564453125
0.46484375
-0.810546875
-0.6669921875
-0.4853515625
-1.65234375
-1.3701171875
0.2421875
0.2158203125
-0.0712890625
0.916015625
0.59765625
-0.7568359375
-0.1953125
0.7314453125
0.2421875
0.744140625
1.958984375
1.0869140625
-0.0947265625
0.353515625
0.0283203125
-0.9501953125
0.0
0.9501953125
-0.0283203125
-0.353515625
0.0947265625
-1.0869140625
-1.958984375
-0.744140625
-0.2421875
-0.7314453125
0.1953125
0.7568359375
-0.59765625
-0.916015625
0.0712890625
-0.2158203125
-0.2421875
1.3701171875
1.65234375
0.4853515625
0.6669921875
0.810546875
-0.46484375
-0.3564453125
1.0263671875
0.7265625
0.13671875
0.810546875
0.185546875
-1.4541015625
-1.1376953125
-0.40625
-1.0263671875
-0.5849609375
0.642578125
-0.14453125
-1.173828125
-0.5126953125
-0.5771484375
-1.2607421875
0.0
1.2607421875
0.5771484375
0.5126953125
1.173828125
0.14453125
-0.642578125
0.5849609375
1.0263671875
0.40625
1.1376953125
1.4541015625
-0.185546875
-0.810546875
-0.13671875
-0.7265625
-1.0263671875
0.3564453125
0.46484375
-0.810546875
-0.6669921875
-0.4853515625
-1.65234375
-1.3701171875
0.2421875
0.2158203125
-0.0712890625
0.916015625
0.59765625
-0.7568359375
-0.1953125
0.7314453125
0.2421875
0.744140625
1.958984375
1.0869140625
-0.0947265625
0.353515625
0.0283203125
-0.9501953125
0.0
0.9501953125
-0.0283203125
-0.353515625
0.0947265625
-1.0869140625
-1.958984375
-0.744140625
-0.2421875
-0.7314453125
0.1953125
0.7568359375
-0.59765625
-0.916015625
0.0712890625
-0.2158203125
-0.2421875
1.3701171875
1.65234375
0.4853515625
0.6669921875
0.810546875
-0.46484375
-0.3564453125
1.0263671875
0.7265625
0.13671875
0.810546875
0.185546875
-1.4541015625
-1.1376953125
-0.40625
-1.0263671875
-0.5849609375
0.642578125
-0.14453125
-1.173828125
-0.5126953125
-0.5771484375
-1.2607421875
0.0
1.2607421875
0.5771484375
0.5126953125
1.173828125
0.14453125
-0.642578125
0.5849609375
1.0263671875
0.40625
1.1376953125
1.4541015625
-0.185546875
-0.810546875
-0.13671875
-0.7265625
-1.0263671875
0.3564453125
0.46484375
-0.810546875
-0.6669921875
-0.4853515625
-1.65234375
-1.3701171875
0.2421875
0.2158203125
-0.0712890625
0.916015625
0.59765625
-0.7568359375
-0.1953125
0.7314453125
0.2421875
0.744140625
1.958984375
1.0869140625
-0.0947265625
0.353515625
0.0283203125
-0.9501953125
0.0
0.9501953125
-0.0283203125
-0.353515625
0.0947265625
-1.0869140625
-1.958984375
-0.744140625
-0.2421875
-0.7314453125
0.1953125
0.7568359375
-0.59765625
-0.916015625
0.0712890625
-0.2158203125
-0.2421875
1.3701171875
1.65234375
0.4853515625
0.6669921875
0.810546875
-0.46484375
-0.3564453125
1.0263671875
0.7265625
0.13671875
0.810546875
0.185546875
-1.4541015625
-1.1376953125
-0.40625
-1.0263671875
-0.5849609375
0.642578125
-0.14453125
-1.173828125
-0.5126953125
-0.5771484375
-1.2607421875
